matrix

 Adjacency matrix: binary version

  (0, 1)	1.0
  (0, 8)	1.0
  (0, 16)	1.0
  (0, 18)	1.0
  (0, 19)	1.0
  (1, 0)	1.0
  (1, 8)	1.0
  (1, 13)	1.0
  (1, 16)	1.0
  (1, 18)	1.0
  (1, 19)	1.0
  (2, 3)	1.0
  (2, 6)	1.0
  (2, 7)	1.0
  (2, 10)	1.0
  (2, 14)	1.0
  (2, 17)	1.0
  (3, 2)	1.0
  (3, 5)	1.0
  (3, 11)	1.0
  (3, 14)	1.0
  (4, 5)	1.0
  (4, 9)	1.0
  (4, 11)	1.0
  (4, 12)	1.0
  :	:
  (15, 4)	1.0
  (15, 9)	1.0
  (15, 11)	1.0
  (15, 12)	1.0
  (16, 0)	1.0
  (16, 1)	1.0
  (16, 8)	1.0
  (16, 18)	1.0
  (16, 19)	1.0
  (17, 2)	1.0
  (17, 6)	1.0
  (17, 7)	1.0
  (17, 10)	1.0
  (17, 13)	1.0
  (18, 0)	1.0
  (18, 1)	1.0
  (18, 8)	1.0
  (18, 16)	1.0
  (18, 19)	1.0
  (19, 0)	1.0
  (19, 1)	1.0
  (19, 8)	1.0
  (19, 13)	1.0
  (19, 16)	1.0
  (19, 18)	1.0
 The weighted degree

[3.83 3.04 4.18 2.17 4.18 2.42 3.87 3.68 3.99 3.29 3.84 4.52 3.87 1.78
 2.37 2.71 4.12 2.74 3.37 2.03]
 Adjacency matrix: K

  (0, 0)	1.0
  (0, 1)	0.64
  (0, 8)	1.0
  (0, 16)	1.0
  (0, 18)	1.0
  (0, 19)	0.18
  (1, 0)	0.64
  (1, 1)	1.0
  (1, 8)	0.58
  (1, 13)	0.26
  (1, 16)	0.68
  (1, 18)	0.37
  (1, 19)	0.5
  (2, 2)	1.0
  (2, 3)	0.49
  (2, 6)	1.0
  (2, 7)	1.0
  (2, 10)	1.0
  (2, 14)	0.68
  (2, 17)	0.0
  (3, 2)	0.49
  (3, 3)	1.0
  (3, 5)	0.5
  (3, 11)	0.18
  (3, 14)	1.0
  :	:
  (16, 0)	1.0
  (16, 1)	0.68
  (16, 8)	1.0
  (16, 16)	1.0
  (16, 18)	1.0
  (16, 19)	0.44
  (17, 2)	0.0
  (17, 6)	0.68
  (17, 7)	0.68
  (17, 10)	0.68
  (17, 13)	0.68
  (17, 17)	1.0
  (18, 0)	1.0
  (18, 1)	0.37
  (18, 8)	1.0
  (18, 16)	1.0
  (18, 18)	1.0
  (18, 19)	0.0
  (19, 0)	0.18
  (19, 1)	0.5
  (19, 8)	0.41000000000000003
  (19, 13)	0.5
  (19, 16)	0.44
  (19, 18)	0.0
  (19, 19)	1.0
 Laplacian

[[ 3.83 -0.64  0.    0.    0.    0.    0.    0.   -1.    0.    0.    0.
   0.    0.    0.    0.   -1.    0.   -1.   -0.18]
 [-0.64  3.04  0.    0.    0.    0.    0.    0.   -0.58  0.    0.    0.
   0.   -0.26  0.    0.   -0.68  0.   -0.37 -0.5 ]
 [ 0.    0.    4.18 -0.49  0.    0.   -1.   -1.    0.    0.   -1.    0.
   0.    0.   -0.68  0.    0.   -0.    0.    0.  ]
 [ 0.    0.   -0.49  2.17  0.   -0.5   0.    0.    0.    0.    0.   -0.18
   0.    0.   -1.    0.    0.    0.    0.    0.  ]
 [ 0.    0.    0.    0.    4.18 -0.5   0.    0.    0.   -0.68  0.   -1.
  -1.    0.    0.   -1.    0.    0.    0.    0.  ]
 [ 0.    0.    0.   -0.5  -0.5   2.42  0.    0.    0.   -0.24  0.   -0.5
  -0.18  0.   -0.5   0.    0.    0.    0.    0.  ]
 [ 0.    0.   -1.    0.    0.    0.    3.87 -1.    0.    0.   -1.    0.
   0.   -0.18  0.    0.    0.   -0.68  0.    0.  ]
 [ 0.    0.   -1.    0.    0.    0.   -1.    3.68  0.    0.   -1.    0.
   0.    0.    0.    0.    0.   -0.68  0.    0.  ]
 [-1.   -0.58  0.    0.    0.    0.    0.    0.    3.99  0.    0.    0.
   0.    0.    0.    0.   -1.    0.   -1.   -0.41]
 [ 0.    0.    0.    0.   -0.68 -0.24  0.    0.    0.    3.29  0.   -1.
  -1.    0.    0.   -0.37  0.    0.    0.    0.  ]
 [ 0.    0.   -1.    0.    0.    0.   -1.   -1.    0.    0.    3.84  0.
   0.   -0.15  0.    0.    0.   -0.68  0.    0.  ]
 [ 0.    0.    0.   -0.18 -1.   -0.5   0.    0.    0.   -1.    0.    4.52
  -1.    0.   -0.18 -0.66  0.    0.    0.    0.  ]
 [ 0.    0.    0.    0.   -1.   -0.18  0.    0.    0.   -1.    0.   -1.
   3.87  0.    0.   -0.68  0.    0.    0.    0.  ]
 [ 0.   -0.26  0.    0.    0.    0.   -0.18  0.    0.    0.   -0.15  0.
   0.    1.78  0.    0.    0.   -0.68  0.   -0.5 ]
 [ 0.    0.   -0.68 -1.    0.   -0.5   0.    0.    0.    0.    0.   -0.18
   0.    0.    2.37  0.    0.    0.    0.    0.  ]
 [ 0.    0.    0.    0.   -1.    0.    0.    0.    0.   -0.37  0.   -0.66
  -0.68  0.    0.    2.71  0.    0.    0.    0.  ]
 [-1.   -0.68  0.    0.    0.    0.    0.    0.   -1.    0.    0.    0.
   0.    0.    0.    0.    4.12  0.   -1.   -0.44]
 [ 0.    0.   -0.    0.    0.    0.   -0.68 -0.68  0.    0.   -0.68  0.
   0.   -0.68  0.    0.    0.    2.74  0.    0.  ]
 [-1.   -0.37  0.    0.    0.    0.    0.    0.   -1.    0.    0.    0.
   0.    0.    0.    0.   -1.    0.    3.37 -0.  ]
 [-0.18 -0.5   0.    0.    0.    0.    0.    0.   -0.41  0.    0.    0.
   0.   -0.5   0.    0.   -0.44  0.   -0.    2.03]]
 normalized Laplacian

[[ 1.   -0.19  0.    0.    0.    0.    0.    0.   -0.26  0.    0.    0.
   0.    0.    0.    0.   -0.25  0.   -0.28 -0.07]
 [-0.19  1.    0.    0.    0.    0.    0.    0.   -0.17  0.    0.    0.
   0.   -0.11  0.    0.   -0.19  0.   -0.11 -0.2 ]
 [ 0.    0.    1.   -0.16  0.    0.   -0.25 -0.25  0.    0.   -0.25  0.
   0.    0.   -0.22  0.    0.   -0.    0.    0.  ]
 [ 0.    0.   -0.16  1.    0.   -0.22  0.    0.    0.    0.    0.   -0.06
   0.    0.   -0.44  0.    0.    0.    0.    0.  ]
 [ 0.    0.    0.    0.    1.   -0.16  0.    0.    0.   -0.18  0.   -0.23
  -0.25  0.    0.   -0.3   0.    0.    0.    0.  ]
 [ 0.    0.    0.   -0.22 -0.16  1.    0.    0.    0.   -0.09  0.   -0.15
  -0.06  0.   -0.21  0.    0.    0.    0.    0.  ]
 [ 0.    0.   -0.25  0.    0.    0.    1.   -0.26  0.    0.   -0.26  0.
   0.   -0.07  0.    0.    0.   -0.21  0.    0.  ]
 [ 0.    0.   -0.25  0.    0.    0.   -0.26  1.    0.    0.   -0.27  0.
   0.    0.    0.    0.    0.   -0.22  0.    0.  ]
 [-0.26 -0.17  0.    0.    0.    0.    0.    0.    1.    0.    0.    0.
   0.    0.    0.    0.   -0.25  0.   -0.27 -0.14]
 [ 0.    0.    0.    0.   -0.18 -0.09  0.    0.    0.    1.    0.   -0.26
  -0.28  0.    0.   -0.12  0.    0.    0.    0.  ]
 [ 0.    0.   -0.25  0.    0.    0.   -0.26 -0.27  0.    0.    1.    0.
   0.   -0.06  0.    0.    0.   -0.21  0.    0.  ]
 [ 0.    0.    0.   -0.06 -0.23 -0.15  0.    0.    0.   -0.26  0.    1.
  -0.24  0.   -0.06 -0.19  0.    0.    0.    0.  ]
 [ 0.    0.    0.    0.   -0.25 -0.06  0.    0.    0.   -0.28  0.   -0.24
   1.    0.    0.   -0.21  0.    0.    0.    0.  ]
 [ 0.   -0.11  0.    0.    0.    0.   -0.07  0.    0.    0.   -0.06  0.
   0.    1.    0.    0.    0.   -0.31  0.   -0.26]
 [ 0.    0.   -0.22 -0.44  0.   -0.21  0.    0.    0.    0.    0.   -0.06
   0.    0.    1.    0.    0.    0.    0.    0.  ]
 [ 0.    0.    0.    0.   -0.3   0.    0.    0.    0.   -0.12  0.   -0.19
  -0.21  0.    0.    1.    0.    0.    0.    0.  ]
 [-0.25 -0.19  0.    0.    0.    0.    0.    0.   -0.25  0.    0.    0.
   0.    0.    0.    0.    1.    0.   -0.27 -0.15]
 [ 0.    0.   -0.    0.    0.    0.   -0.21 -0.22  0.    0.   -0.21  0.
   0.   -0.31  0.    0.    0.    1.    0.    0.  ]
 [-0.28 -0.11  0.    0.    0.    0.    0.    0.   -0.27  0.    0.    0.
   0.    0.    0.    0.   -0.27  0.    1.   -0.  ]
 [-0.07 -0.2   0.    0.    0.    0.    0.    0.   -0.14  0.    0.    0.
   0.   -0.26  0.    0.   -0.15  0.   -0.    1.  ]]
PsevdoInverse

[[ 6.95  5.05 -1.9  -2.35 -4.54 -3.08 -1.21 -1.29  6.23 -4.04 -1.22 -4.64
  -4.39  1.17 -2.4  -3.69  6.31 -0.48  5.86  3.59]
 [ 5.05  5.07 -1.51 -1.97 -3.87 -2.61 -0.9  -0.98  5.11 -3.44 -0.92 -3.94
  -3.74  1.16 -2.   -3.15  5.2  -0.28  4.73  3.14]
 [-1.9  -1.51  2.59  0.84 -0.17  0.26  1.73  1.75 -1.92 -0.16  1.73 -0.09
  -0.19  0.08  0.93 -0.18 -1.95  1.08 -1.81 -1.02]
 [-2.35 -1.97  0.84  2.17  1.51  1.43  0.26  0.3  -2.39  1.33  0.27  1.64
   1.43 -0.62  1.5   1.18 -2.42 -0.05 -2.23 -1.45]
 [-4.54 -3.87 -0.17  1.51  5.83  2.93 -0.93 -0.84 -4.62  4.46 -0.91  5.
   4.9  -1.73  1.47  4.21 -4.69 -1.16 -4.29 -2.95]
 [-3.08 -2.61  0.26  1.43  2.93  2.86 -0.32 -0.27 -3.13  2.57 -0.32  2.98
   2.77 -1.06  1.42  2.29 -3.17 -0.56 -2.91 -1.97]
 [-1.21 -0.9   1.73  0.26 -0.93 -0.32  2.75  1.96 -1.21 -0.83  1.96 -0.88
  -0.92  0.5   0.33 -0.79 -1.23  1.52 -1.16 -0.53]
 [-1.29 -0.98  1.75  0.3  -0.84 -0.27  1.96  2.76 -1.3  -0.76  1.96 -0.79
  -0.83  0.41  0.37 -0.71 -1.31  1.5  -1.23 -0.6 ]
 [ 6.23  5.11 -1.92 -2.39 -4.62 -3.13 -1.21 -1.3   7.11 -4.11 -1.23 -4.71
  -4.47  1.2  -2.43 -3.76  6.4  -0.47  5.93  3.7 ]
 [-4.04 -3.44 -0.16  1.33  4.46  2.57 -0.83 -0.76 -4.11  4.84 -0.82  4.5
   4.41 -1.54  1.3   3.65 -4.17 -1.03 -3.81 -2.62]
 [-1.22 -0.92  1.73  0.27 -0.91 -0.32  1.96  1.96 -1.23 -0.82  2.75 -0.86
  -0.9   0.48  0.33 -0.77 -1.24  1.52 -1.17 -0.54]
 [-4.64 -3.94 -0.09  1.64  5.    2.98 -0.88 -0.79 -4.71  4.5  -0.86  5.82
   4.88 -1.74  1.6   4.11 -4.78 -1.13 -4.38 -3.  ]
 [-4.39 -3.74 -0.19  1.43  4.9   2.77 -0.92 -0.83 -4.47  4.41 -0.9   4.88
   5.59 -1.68  1.4   4.05 -4.54 -1.13 -4.15 -2.85]
 [ 1.17  1.16  0.08 -0.62 -1.73 -1.06  0.5   0.41  1.2  -1.54  0.48 -1.74
  -1.68  1.69 -0.6  -1.42  1.23  0.78  1.08  1.08]
 [-2.4  -2.    0.93  1.5   1.47  1.42  0.33  0.37 -2.43  1.3   0.33  1.6
   1.4  -0.6   2.21  1.15 -2.47 -0.01 -2.27 -1.48]
 [-3.69 -3.15 -0.18  1.18  4.21  2.29 -0.79 -0.71 -3.76  3.65 -0.77  4.11
   4.05 -1.42  1.15  4.28 -3.81 -0.96 -3.49 -2.4 ]
 [ 6.31  5.2  -1.95 -2.42 -4.69 -3.17 -1.23 -1.31  6.4  -4.17 -1.24 -4.78
  -4.54  1.23 -2.47 -3.81  7.29 -0.48  6.    3.76]
 [-0.48 -0.28  1.08 -0.05 -1.16 -0.56  1.52  1.5  -0.47 -1.03  1.52 -1.13
  -1.13  0.78 -0.01 -0.96 -0.48  2.16 -0.47 -0.06]
 [ 5.86  4.73 -1.81 -2.23 -4.29 -2.91 -1.16 -1.23  5.93 -3.81 -1.17 -4.38
  -4.15  1.08 -2.27 -3.49  6.   -0.47  6.35  3.34]
 [ 3.59  3.14 -1.02 -1.45 -2.95 -1.97 -0.53 -0.6   3.7  -2.62 -0.54 -3.
  -2.85  1.08 -1.48 -2.4   3.76 -0.06  3.34  3.22]]
