matrix

 Adjacency matrix: binary version

  (0, 1)	1.0
  (0, 3)	1.0
  (0, 4)	1.0
  (0, 5)	1.0
  (1, 0)	1.0
  (1, 3)	1.0
  (1, 4)	1.0
  (1, 5)	1.0
  (2, 3)	1.0
  (2, 5)	1.0
  (2, 6)	1.0
  (2, 7)	1.0
  (3, 0)	1.0
  (3, 1)	1.0
  (3, 2)	1.0
  (3, 4)	1.0
  (3, 5)	1.0
  (3, 6)	1.0
  (3, 7)	1.0
  (4, 0)	1.0
  (4, 1)	1.0
  (4, 3)	1.0
  (4, 5)	1.0
  (5, 0)	1.0
  (5, 1)	1.0
  (5, 2)	1.0
  (5, 3)	1.0
  (5, 4)	1.0
  (5, 6)	1.0
  (5, 7)	1.0
  (6, 2)	1.0
  (6, 3)	1.0
  (6, 5)	1.0
  (6, 7)	1.0
  (7, 2)	1.0
  (7, 3)	1.0
  (7, 5)	1.0
  (7, 6)	1.0
 The weighted degree

[3.18 2.85 3.18 4.23 3.67 4.24 2.68 2.87]
 Adjacency matrix: K

  (0, 0)	1.0
  (0, 1)	1.0
  (0, 3)	0.18
  (0, 4)	1.0
  (0, 5)	1.0
  (1, 0)	1.0
  (1, 1)	1.0
  (1, 3)	0.18
  (1, 4)	0.99
  (1, 5)	0.68
  (2, 2)	1.0
  (2, 3)	1.0
  (2, 5)	0.18
  (2, 6)	1.0
  (2, 7)	1.0
  (3, 0)	0.18
  (3, 1)	0.18
  (3, 2)	1.0
  (3, 3)	1.0
  (3, 4)	0.68
  (3, 5)	1.0
  (3, 6)	0.5
  (3, 7)	0.68
  (4, 0)	1.0
  (4, 1)	0.99
  (4, 3)	0.68
  (4, 4)	1.0
  (4, 5)	1.0
  (5, 0)	1.0
  (5, 1)	0.68
  (5, 2)	0.18
  (5, 3)	1.0
  (5, 4)	1.0
  (5, 5)	1.0
  (5, 6)	0.18
  (5, 7)	0.18
  (6, 2)	1.0
  (6, 3)	0.5
  (6, 5)	0.18
  (6, 6)	1.0
  (6, 7)	1.0
  (7, 2)	1.0
  (7, 3)	0.68
  (7, 5)	0.18
  (7, 6)	1.0
  (7, 7)	1.0
 Laplacian

[[ 3.18 -1.    0.   -0.18 -1.   -1.    0.    0.  ]
 [-1.    2.85  0.   -0.18 -0.99 -0.68  0.    0.  ]
 [ 0.    0.    3.18 -1.    0.   -0.18 -1.   -1.  ]
 [-0.18 -0.18 -1.    4.23 -0.68 -1.   -0.5  -0.68]
 [-1.   -0.99  0.   -0.68  3.67 -1.    0.    0.  ]
 [-1.   -0.68 -0.18 -1.   -1.    4.24 -0.18 -0.18]
 [ 0.    0.   -1.   -0.5   0.   -0.18  2.68 -1.  ]
 [ 0.    0.   -1.   -0.68  0.   -0.18 -1.    2.87]]
 normalized Laplacian

[[ 1.   -0.33  0.   -0.05 -0.29 -0.27  0.    0.  ]
 [-0.33  1.    0.   -0.05 -0.3  -0.2   0.    0.  ]
 [ 0.    0.    1.   -0.27  0.   -0.05 -0.34 -0.33]
 [-0.05 -0.05 -0.27  1.   -0.17 -0.24 -0.15 -0.2 ]
 [-0.29 -0.3   0.   -0.17  1.   -0.25  0.    0.  ]
 [-0.27 -0.2  -0.05 -0.24 -0.25  1.   -0.05 -0.05]
 [ 0.    0.   -0.34 -0.15  0.   -0.05  1.   -0.36]
 [ 0.    0.   -0.33 -0.2   0.   -0.05 -0.36  1.  ]]
PsevdoInverse

[[ 1.11  0.36 -0.56 -0.32  0.29  0.15 -0.54 -0.54]
 [ 0.36  1.11 -0.54 -0.3   0.3   0.11 -0.51 -0.52]
 [-0.56 -0.54  1.18  0.09 -0.54 -0.4   0.45  0.44]
 [-0.32 -0.3   0.09  0.77 -0.24 -0.17  0.03  0.05]
 [ 0.29  0.3  -0.54 -0.24  1.03  0.11 -0.52 -0.53]
 [ 0.15  0.11 -0.4  -0.17  0.11  0.83 -0.38 -0.39]
 [-0.54 -0.51  0.45  0.03 -0.52 -0.38  1.2   0.46]
 [-0.54 -0.52  0.44  0.05 -0.53 -0.39  0.46  1.2 ]]
